5
10
14
16
18
20
22
24
5
10
14
16
18
20
22
24
5
10
14
16
18
20
22
24
5
10
14
16
18
20
22
24
5
10
14
16
18
20
22
24
5
10
14
16
18
20
22
24
5
10
14
16
18
20
22
24
5
10
14
16
18
20
22
24
5
10
14
16
18
20
22
24
5
10
14
16
18
20
22
24
5
10
14
16
18
20
22
24
5
10
14
16
18
20
22
24
5
10
14
16
18
20
22
24
5
10
14
16
18
20
22
24
5
10
14
16
18
20
22
24
5
10
14
16
18
20
22
24
5
10
14
16
18
20
22
24
5
10
14
16
18
20
22
24
5
10
14
16
18
20
22
24
5
10
14
16
18
20
22
24
5
10
14
16
18
20
22
24
5
10
14
16
18
20
22
24
5
10
14
16
18
20
22
24
5
10
14
16
18
20
22
24
5
10
14
16
18
20
22
24
5
10
14
16
18
20
22
24
5
10
14
16
18
20
22
24
5
10
14
16
18
20
22
24
5
10
14
16
18
20
22
24
5
10
14
16
18
20
22
24